Multiple size <= 100
TEST 1 ARG:84 95 64 52 88 63 78 85 47 98 1 72 17 34 12 39 92 96 20 25 56 49 14 16 8 99 13 97 26 59 35 91 19 29 44 3 40 27 70 24 76 61 23 30 41 80 69 46 45 54 22 36 51 94 79 77 89 71 67 31 74 53 58 81 4 0 7 57 11 28 55 33 87 5 37 48 6 38 43 32 15 50 60 18 73 83 10 42 75 82 2 65 9 66 62 90 21 86 68 93
TEST 2 ARG:6 89 58 98 83 40 30 35 87 76 3 24 23 73 52 13 4 95 90 82 44 34 99 67 56 66 39 33 92 50 84 77 37 38 20 75 36 62 63 74 65 59 81 46 22 96 60 91 26 19 10 0 25 61 45 49 47 94 42 43 12 80 71 14 15 2 18 54 97 27 1 55 29 28 48 72 79 17 8 70 21 9 41 68 53 78 11 86 93 32 69 64 88 31 51 57 16 5 85 7
TEST 3 ARG:10 69 76 94 28 34 87 58 65 74 61 25 39 2 48 70 63 64 56 6 4 82 51 30 16 98 49 17 92 23 35 80 47 15 79 50 41 60 66 45 90 55 68 19 0 32 20 93 88 85 91 12 18 83 9 81 21 33 31 26 37 54 3 75 57 29 42 97 11 99 95 67 1 71 44 78 27 40 53 22 46 73 86 89 72 14 52 84 62 43 59 5 36 24 7 8 96 38 13 77
TEST 4 ARG:23 21 41 18 9 38 3 36 53 33 4 64 52 44 10 88 89 50 93 69 84 1 22 37 62 54 13 48 65 68 94 78 17 28 97 73 49 75 43 27 82 12 96 32 83 66 81 72 57 26 70 31 86 85 79 80 5 34 60 46 55 87 67 95 39 58 42 29 77 56 92 0 20 30 91 7 51 76 45 11 63 71 2 98 8 99 90 25 40 14 35 19 24 59 15 74 16 6 47 61
TEST 5 ARG:18 65 13 85 91 48 96 25 76 1 68 22 9 16 14 10 89 23 64 5 95 15 46 8 84 49 97 71 28 79 87 4 45 40 34 39 66 82 50 81 42 6 73 31 29 52 60 90 33 38 69 54 83 30 41 17 59 11 86 3 53 51 99 74 94 93 35 27 7 58 32 88 26 21 56 98 43 62 80 24 72 67 37 47 63 55 2 77 19 61 0 57 92 12 78 44 20 70 75 36
TEST 6 ARG:80 43 71 9 37 86 67 23 70 61 13 22 4 18 50 99 17 65 47 58 35 26 82 44 64 55 74 76 98 15 75 53 27 96 56 24 42 81 34 69 85 6 90 92 54 57 87 39 88 16 31 89 95 21 73 7 94 30 93 48 77 2 29 45 68 49 41 84 19 28 97 66 79 25 12 62 52 91 5 59 8 63 32 51 11 14 33 78 10 38 36 40 72 0 20 60 1 46 83 3
TEST 7 ARG:96 32 15 21 27 6 98 77 20 10 18 68 82 23 7 88 86 2 13 55 38 52 16 48 14 26 42 81 12 41 85 9 47 69 22 29 31 89 0 5 62 45 30 40 87 76 84 24 11 63 60 99 59 66 90 36 44 67 83 72 75 17 95 33 57 53 1 3 46 37 79 43 92 93 19 51 54 4 49 91 8 34 50 25 78 39 28 94 35 71 65 70 74 61 97 80 58 73 56 64
TEST 8 ARG:68 84 67 43 0 18 47 51 30 85 99 39 6 80 14 81 97 26 71 77 56 83 32 90 5 88 8 13 33 11 37 25 12 15 20 4 17 98 86 66 7 44 76 87 95 69 16 3 36 92 50 74 49 21 64 75 60 54 42 48 91 93 23 45 59 40 58 1 29 72 10 55 34 41 53 31 19 65 70 82 38 78 27 96 57 62 94 63 61 35 79 22 9 52 28 89 73 24 46 2
TEST 9 ARG:99 28 18 76 3 79 5 65 32 19 93 70 34 98 91 24 89 49 25 1 13 75 94 10 6 62 42 2 17 54 30 38 21 53 72 26 74 64 77 57 55 29 40 87 33 12 39 61 11 82 97 37 80 48 14 85 43 50 71 41 78 8 60 9 20 95 4 0 23 67 69 46 27 22 83 56 88 35 45 96 51 44 68 59 58 73 31 16 90 81 47 63 15 52 92 86 84 7 36 66
TEST 10 ARG:96 74 91 30 49 31 1 33 12 9 82 87 70 50 36 77 35 46 60 2 15 94 89 43 88 22 55 57 65 58 73 53 64 28 5 17 45 10 66 76 23 6 0 37 99 68 75 79 11 97 78 47 40 62 24 29 61 90 4 3 81 38 72 42 13 93 52 84 51 95 92 67 26 7 54 48 44 27 16 80 21 69 32 71 98 8 39 86 83 56 14 25 20 18 63 85 34 41 19 59
TEST 11 ARG:16 89 25 32 63 33 4 55 6 51 69 9 39 45 22 71 86 15 70 3 27 88 98 93 65 82 17 46 23 90 64 1 41 56 87 79 0 61 35 74 94 43 20 14 95 96 8 84 19 2 5 92 72 44 7 48 24 99 13 12 78 68 50 54 28 66 40 49 85 31 97 36 53 26 59 75 67 10 76 83 52 77 47 42 38 80 30 58 21 73 11 29 34 62 57 81 91 37 60 18
TEST 12 ARG:19 42 23 45 32 58 65 63 60 41 25 16 94 11 22 92 64 50 21 47 86 67 18 84 62 2 70 66 31 6 46 44 75 89 80 39 34 87 91 36 59 4 99 85 90 96 38 79 5 29 68 30 69 51 61 24 57 83 98 10 88 3 49 12 72 97 74 37 76 20 52 78 7 95 56 48 26 43 9 15 27 13 93 17 71 1 73 81 33 40 82 0 54 8 35 14 55 53 77 28
TEST 13 ARG:60 19 52 64 74 6 75 44 83 28 66 18 7 54 85 39 53 36 72 3 67 12 56 78 73 87 45 62 31 84 76 14 35 57 8 81 89 15 0 34 79 9 82 49 58 33 22 10 71 50 99 97 96 40 21 48 29 59 77 5 26 41 47 69 43 24 37 86 2 16 51 4 92 46 80 90 11 94 23 55 17 70 27 42 13 30 68 63 98 65 38 1 20 91 93 95 25 61 88 32
TEST 14 ARG:82 50 71 0 64 46 59 75 58 52 74 92 37 95 93 14 44 4 16 24 65 1 83 8 61 77 66 7 20 38 30 94 51 41 78 69 27 12 5 45 87 9 17 91 18 47 19 80 85 31 43 49 62 81 86 55 90 98 72 89 53 28 33 99 15 42 56 84 76 57 11 60 2 21 79 40 29 68 26 3 6 88 97 96 10 34 39 35 13 48 32 70 73 36 63 25 67 22 54 23
TEST 15 ARG:20 21 51 67 33 65 16 56 37 32 12 39 4 57 77 93 27 7 84 14 40 53 80 62 36 76 19 64 71 59 86 87 55 11 13 95 35 5 24 1 82 28 94 66 26 69 49 3 60 47 38 41 88 96 18 2 79 44 25 9 90 46 50 81 22 17 91 42 74 75 34 15 97 48 8 0 29 61 63 30 23 6 58 10 85 99 70 92 52 83 89 43 73 68 31 98 78 45 54 72
TEST 16 ARG:16 14 4 71 24 79 64 22 42 92 63 1 11 38 83 78 36 9 23 27 66 87 18 67 15 19 47 28 82 8 37 34 52 96 57 21 10 91 31 68 62 73 26 84 85 65 49 69 32 61 29 54 89 35 59 75 99 88 81 58 98 6 76 20 94 25 95 74 93 72 33 80 46 70 7 53 13 90 86 44 56 97 40 41 0 60 17 48 3 2 43 51 55 77 12 39 45 5 30 50
TEST 17 ARG:50 46 77 29 3 42 47 70 19 17 6 88 30 7 21 49 24 4 0 57 43 79 91 51 36 41 45 13 44 54 16 52 8 53 1 78 11 92 18 14 38 93 64 55 68 22 98 58 56 33 31 69 23 99 32 12 97 76 39 87 40 66 61 62 60 2 59 34 83 15 35 10 48 37 84 89 95 80 5 27 94 20 67 26 73 65 75 9 72 71 85 86 63 25 96 90 81 28 82 74
TEST 18 ARG:76 36 40 11 68 32 81 49 24 88 67 78 29 41 9 80 20 2 21 30 19 58 51 31 53 60 27 93 1 73 63 90 7 33 62 98 91 45 84 12 39 3 75 70 83 96 48 71 99 46 28 54 35 6 79 8 17 97 22 13 43 59 82 4 61 92 89 87 47 0 86 72 37 74 5 44 85 95 23 18 25 15 69 26 94 50 66 14 56 34 55 57 10 52 16 42 64 77 38 65
TEST 19 ARG:57 19 48 88 80 66 73 5 99 54 15 23 52 94 97 96 38 95 11 61 21 16 12 9 74 10 18 14 29 33 25 8 50 7 24 72 64 85 98 56 49 87 67 17 62 13 86 45 78 0 83 51 60 90 63 76 42 20 39 55 92 41 89 36 77 43 93 91 30 59 34 47 70 68 40 2 71 35 65 75 84 1 37 69 4 58 46 44 3 53 31 32 79 27 81 28 22 6 82 26
TEST 20 ARG:32 34 64 60 24 74 91 63 31 2 96 10 50 78 75 15 9 41 5 39 14 82 27 38 81 54 47 84 88 45 26 90 72 79 18 53 33 97 28 6 68 16 86 42 13 3 43 48 89 67 29 0 51 95 77 52 73 83 56 49 4 62 12 59 8 7 94 35 37 21 30 44 23 85 22 92 36 20 71 93 46 69 70 76 11 98 87 80 99 25 58 17 40 65 66 57 1 61 19 55
TEST 21 ARG:39 59 51 88 79 50 47 4 0 83 73 54 25 97 86 72 78 90 52 75 34 71 18 29 44 92 19 37 36 45 33 23 1 35 99 40 55 42 87 22 13 81 77 32 67 20 16 98 30 49 84 7 61 95 96 38 85 64 89 41 48 80 65 57 94 15 56 17 46 5 43 3 93 12 28 8 82 66 69 60 31 70 58 24 62 68 27 26 74 63 10 11 9 2 91 21 76 14 6 53
TEST 22 ARG:26 98 82 73 81 19 15 71 17 95 46 45 48 34 86 70 41 66 22 42 87 23 12 58 84 28 79 61 47 13 2 5 29 10 14 33 62 31 64 57 53 88 69 3 63 21 65 93 99 25 6 9 80 75 54 24 83 59 78 74 18 37 91 16 35 51 97 77 38 1 11 44 67 50 68 40 30 20 8 96 7 4 52 55 85 72 56 90 89 36 0 27 49 39 60 92 94 76 32 43
TEST 23 ARG:26 4 51 28 35 44 67 72 53 80 22 52 78 38 32 0 18 20 61 64 40 47 21 54 7 37 23 10 5 70 36 27 56 98 33 42 97 9 16 59 55 76 96 1 88 66 77 65 87 34 79 2 50 30 48 69 63 15 68 24 62 45 91 74 29 73 92 8 39 90 17 13 71 43 49 25 89 93 84 31 41 85 99 82 60 83 3 58 86 11 6 81 14 19 46 95 75 12 57 94
TEST 24 ARG:7 16 23 60 97 61 80 88 13 27 94 81 18 52 64 79 2 68 66 35 67 22 63 85 10 92 36 87 75 96 34 28 48 83 32 25 57 21 91 82 15 90 58 95 99 49 69 20 3 46 70 6 72 4 74 1 14 89 71 26 5 59 42 43 93 45 24 51 12 8 41 17 30 0 37 19 65 9 62 40 11 31 77 33 47 56 76 54 38 29 55 73 78 84 39 86 98 44 50 53
TEST 25 ARG:77 15 58 47 22 16 31 46 17 23 18 85 59 39 48 12 0 42 30 38 93 88 14 52 3 44 57 61 33 92 49 83 53 9 24 69 29 68 96 95 6 71 94 43 76 10 36 98 67 82 75 26 62 63 72 2 19 64 32 5 4 56 20 99 45 37 78 55 65 13 81 35 80 8 74 7 73 87 91 50 25 34 28 41 97 84 40 90 79 60 21 54 11 27 66 51 70 86 89 1
TEST 26 ARG:5 71 37 10 29 13 8 73 67 24 14 42 25 9 53 99 16 49 17 95 82 55 21 77 70 78 32 74 40 50 6 34 39 91 46 38 28 89 41 62 52 2 63 26 43 15 30 65 33 94 11 18 69 27 57 68 47 60 75 36 84 80 83 51 22 3 64 61 20 88 45 86 35 81 96 90 4 79 48 1 31 97 19 44 7 0 12 85 58 54 87 92 72 98 76 93 66 56 59 23
TEST 27 ARG:93 15 95 27 85 7 80 82 64 56 87 4 69 53 20 71 31 0 30 65 10 14 19 16 47 22 44 26 81 17 55 67 78 91 41 60 61 97 52 54 11 1 3 72 77 24 86 32 13 51 25 29 36 58 6 83 35 2 42 73 70 57 21 49 88 50 89 39 8 45 28 43 12 75 34 9 46 66 76 59 48 62 23 5 63 33 92 68 74 38 40 90 84 98 99 18 94 37 79 96
TEST 28 ARG:51 55 15 41 87 67 50 53 44 59 69 93 20 11 56 81 43 75 74 35 64 52 21 48 14 38 61 70 22 40 42 17 88 33 36 28 23 86 5 60 27 7 25 24 99 98 3 84 91 30 66 16 49 90 19 76 89 92 1 2 46 78 83 72 54 58 45 8 37 10 13 68 63 73 32 47 85 31 82 94 80 62 0 26 57 79 34 4 97 18 12 95 71 9 96 77 29 39 6 65
TEST 29 ARG:81 62 52 25 26 60 40 75 53 30 18 32 2 34 88 23 35 37 33 73 19 3 99 8 16 67 47 27 80 31 82 48 69 59 91 15 21 0 65 97 11 74 39 5 17 44 92 13 56 29 22 55 76 38 42 58 54 98 4 83 95 84 77 7 86 89 70 94 12 14 93 46 79 85 57 41 45 72 36 78 9 43 61 64 87 90 96 1 71 51 10 24 50 63 66 6 49 20 28 68
TEST 30 ARG:37 73 66 99 12 50 39 7 60 80 94 56 35 26 67 84 63 30 21 57 64 98 78 29 83 13 23 32 65 74 52 88 45 82 93 17 55 61 5 10 90 62 47 69 9 68 85 24 76 18 97 6 44 16 75 92 14 38 3 22 28 91 77 95 2 59 54 53 40 34 8 27 49 58 15 25 71 33 42 46 41 4 31 36 48 51 79 19 81 43 11 1 89 87 70 0 86 72 20 96
TEST 31 ARG:47 81 21 23 67 52 2 70 22 46 57 35 43 41 60 71 5 25 68 31 77 38 53 10 58 40 97 3 87 13 88 75 9 66 16 79 74 17 26 86 51 98 55 56 72 39 44 30 99 15 96 83 89 1 85 50 54 94 92 73 76 61 24 69 27 6 42 8 19 91 34 28 14 11 48 18 62 45 93 65 95 80 7 64 32 20 36 78 49 82 29 4 59 0 90 12 33 37 63 84
TEST 32 ARG:29 52 30 43 13 81 57 84 63 33 85 11 69 83 17 91 23 65 2 25 87 68 5 54 92 70 77 61 86 15 36 98 3 59 94 8 35 51 64 53 38 47 95 19 39 46 31 56 10 4 78 21 66 50 1 24 62 20 79 73 80 76 28 45 37 41 12 27 44 90 88 74 96 34 75 48 93 6 0 40 42 7 58 67 16 18 55 72 9 89 32 22 26 60 49 71 99 14 97 82
TEST 33 ARG:14 56 99 69 41 47 98 83 95 59 12 0 44 52 62 29 2 54 65 53 38 31 78 76 39 3 46 57 91 42 51 73 35 16 25 15 37 79 6 64 77 86 75 89 21 92 81 23 60 63 7 22 67 94 4 34 5 70 80 8 28 74 13 11 1 32 40 10 9 24 55 33 96 82 61 17 58 71 50 48 26 72 45 85 93 87 43 68 20 88 18 36 27 66 84 30 97 19 49 90
TEST 34 ARG:41 89 43 5 40 81 7 23 83 57 1 37 39 17 53 49 27 12 80 45 76 56 93 13 95 69 88 3 96 48 25 42 18 20 74 67 66 50 33 86 32 28 63 26 16 68 44 72 14 30 35 85 11 22 92 19 99 62 51 0 75 31 21 61 91 34 10 2 29 36 8 58 77 71 87 98 78 47 24 4 90 82 55 94 73 60 79 38 9 54 70 65 59 64 97 46 6 84 15 52
TEST 35 ARG:10 47 60 96 16 29 88 75 95 19 40 77 62 91 70 4 20 45 37 71 54 12 44 78 67 1 49 15 7 9 23 52 66 56 46 30 61 13 5 73 34 22 31 17 98 65 55 25 32 50 63 42 38 68 27 92 35 86 2 11 74 28 24 94 72 51 53 14 36 84 0 48 6 18 82 79 97 81 87 41 85 80 59 76 26 83 8 43 21 64 58 99 93 89 3 39 90 69 33 57
TEST 36 ARG:69 64 39 97 61 98 33 49 45 21 35 7 81 4 96 94 37 55 73 1 71 8 22 24 10 34 83 13 30 95 28 36 46 93 92 67 79 74 60 54 38 75 32 88 89 58 85 90 9 63 86 65 16 66 84 15 25 51 26 27 2 42 0 43 77 76 11 17 6 40 57 18 78 20 47 99 50 82 48 23 80 52 14 41 87 5 12 72 59 56 29 91 68 31 3 19 44 62 70 53
TEST 37 ARG:98 37 70 24 65 18 73 91 47 93 52 61 30 10 81 82 12 25 41 67 8 9 6 96 60 78 90 39 35 87 23 13 26 68 51 0 48 42 57 77 63 44 11 80 4 95 83 86 88 76 64 49 50 40 19 58 69 27 53 55 84 1 85 99 28 97 43 15 17 34 75 46 72 89 92 71 94 32 62 29 59 45 33 7 38 16 36 56 5 74 66 31 2 14 79 54 22 20 3 21
TEST 38 ARG:74 17 86 26 12 18 40 46 51 5 25 87 53 81 29 11 77 67 10 43 91 68 64 93 41 60 36 96 65 33 88 79 49 45 75 50 97 95 55 39 52 56 0 82 61 37 27 72 24 7 98 78 80 13 71 8 22 63 16 2 28 21 31 35 48 42 14 6 9 58 15 90 57 70 66 94 3 76 73 92 1 54 30 99 69 38 23 4 62 34 20 19 89 44 59 85 47 84 32 83
TEST 39 ARG:7 13 5 28 94 95 0 62 74 32 57 39 61 73 44 88 27 63 4 56 86 48 80 78 77 46 99 47 50 10 84 49 92 18 34 2 41 19 42 38 30 96 8 12 26 33 40 59 11 69 23 65 89 22 71 24 14 72 25 58 60 21 35 64 93 53 82 75 51 36 45 76 70 43 83 31 66 81 87 6 91 9 85 54 1 3 90 29 17 79 97 52 16 15 67 37 98 55 68 20
TEST 40 ARG:62 82 76 35 74 51 90 21 13 24 5 66 56 50 10 94 20 27 9 48 3 49 84 23 87 33 42 57 73 0 8 45 92 41 65 75 96 6 70 97 15 32 55 1 11 37 72 26 14 67 22 89 2 78 36 80 40 25 31 99 61 86 29 63 88 19 12 39 34 91 93 44 43 85 47 64 4 53 60 16 17 83 59 81 30 71 95 77 98 79 28 38 46 69 18 7 68 54 52 58
TEST 41 ARG:80 19 70 27 84 63 51 23 37 53 75 45 68 86 32 59 76 0 9 36 93 33 62 85 92 65 58 17 67 88 79 64 81 21 24 61 8 41 34 56 94 43 66 69 10 96 5 72 15 83 89 77 71 30 48 14 40 50 98 11 12 3 4 44 87 78 55 29 95 46 90 18 31 49 82 20 91 39 28 73 6 25 7 74 1 47 52 26 2 97 54 42 60 38 57 99 35 22 13 16
TEST 42 ARG:20 2 88 99 47 89 68 92 15 0 32 85 27 66 4 96 76 8 14 95 13 31 1 19 71 24 61 29 39 75 83 93 50 67 57 64 25 48 17 59 30 72 40 87 98 97 12 42 80 18 37 3 65 82 49 79 23 62 38 90 10 36 45 69 53 26 28 21 84 55 78 58 54 60 52 74 63 91 9 43 70 44 86 35 81 7 51 5 22 34 33 77 73 11 46 94 6 41 16 56
TEST 43 ARG:20 21 31 43 86 9 96 85 22 24 32 98 34 80 23 81 67 72 64 10 69 13 74 25 19 59 17 30 77 52 18 3 76 0 84 28 95 91 46 65 8 53 29 15 68 48 92 63 14 70 56 58 41 6 1 89 16 5 54 99 82 93 60 90 55 35 97 39 83 61 12 79 73 26 50 66 78 62 7 87 33 36 40 2 47 27 37 71 42 51 38 88 57 44 94 4 11 49 75 45
TEST 44 ARG:81 18 69 33 72 21 63 66 70 60 65 31 95 15 1 19 82 10 74 96 53 51 75 4 56 25 71 47 26 6 97 58 3 36 22 0 38 89 49 30 23 83 24 73 13 5 45 64 54 17 44 77 57 98 92 86 32 85 84 28 16 94 99 88 79 59 78 8 2 29 61 42 93 76 27 34 43 46 40 9 37 52 67 11 87 50 41 48 20 80 90 7 68 14 39 55 12 91 35 62
TEST 45 ARG:71 19 1 25 33 75 95 93 97 7 83 39 57 43 26 74 73 35 44 94 12 96 29 22 61 87 54 92 34 81 65 84 46 88 4 27 13 20 77 8 5 30 55 80 6 91 58 47 24 70 59 36 85 3 90 18 0 67 38 78 10 53 72 60 50 31 82 68 56 49 64 45 32 14 40 15 42 52 79 86 41 23 76 28 37 63 66 16 62 48 98 99 89 69 17 51 2 11 9 21
TEST 46 ARG:5 14 4 41 73 51 12 33 2 78 95 40 90 9 25 49 17 72 43 38 61 64 52 87 88 54 36 59 6 10 45 91 58 79 93 67 0 15 75 82 23 39 44 99 31 20 55 32 77 24 81 47 21 96 85 30 66 27 28 86 94 80 70 7 57 11 84 89 42 18 83 16 13 60 98 26 8 29 3 74 22 71 37 1 63 48 76 97 68 56 92 35 69 65 53 46 50 62 34 19
TEST 47 ARG:0 96 14 27 22 45 88 59 94 52 41 85 93 20 28 2 51 71 48 33 65 67 38 9 69 82 54 80 84 7 58 76 62 60 15 32 6 77 29 25 42 50 56 47 64 86 63 73 55 21 90 66 75 23 19 49 5 30 13 40 61 78 87 16 1 72 11 26 39 8 68 17 81 35 97 95 12 3 91 4 46 99 98 43 24 92 18 70 74 37 36 44 31 53 10 89 34 79 83 57
TEST 48 ARG:69 90 93 5 55 72 84 0 35 36 66 25 64 13 98 37 4 42 34 85 70 49 99 83 12 78 10 31 45 80 14 38 1 58 23 57 39 43 9 20 56 77 32 2 3 68 26 97 41 29 67 61 91 52 28 54 19 51 16 11 17 24 48 30 75 73 47 60 94 82 79 27 74 6 50 87 21 65 71 7 62 63 46 76 44 22 8 33 95 88 40 96 86 15 59 53 81 92 89 18
TEST 49 ARG:56 4 8 87 55 31 13 1 35 42 61 21 85 69 84 68 92 24 36 58 98 65 37 44 60 9 48 62 40 33 14 94 52 29 18 89 93 51 15 7 26 53 72 34 6 32 86 43 12 74 95 64 47 91 90 25 77 46 67 17 81 27 83 50 20 30 2 23 11 78 82 54 5 73 80 28 70 75 99 76 57 71 10 16 49 45 19 63 39 96 97 3 59 0 38 41 88 66 79 22
TEST 50 ARG:24 23 61 95 98 2 93 37 38 83 50 84 60 55 86 29 65 99 70 79 89 42 57 43 73 28 77 25 7 63 15 96 17 20 27 0 81 78 68 64 35 30 33 34 82 76 1 36 47 97 74 62 66 56 8 94 58 80 69 90 53 48 32 21 39 49 11 10 92 91 88 87 31 41 52 9 26 46 71 4 6 19 22 85 3 75 51 67 13 5 18 44 12 16 59 72 40 45 54 14
TEST 51 ARG:11 42 92 31 38 64 26 52 44 5 69 23 35 74 13 90 8 24 56 99 0 54 53 37 17 39 85 47 87 83 76 30 86 84 7 73 66 16 91 28 41 46 97 71 22 57 32 29 43 21 15 40 58 78 10 75 72 70 34 19 95 68 20 77 50 1 2 6 80 3 51 93 67 88 81 18 45 49 12 63 33 96 60 62 9 27 98 61 48 55 79 4 14 65 36 94 25 59 89 82
TEST 52 ARG:98 76 84 57 73 39 24 87 12 95 63 16 18 89 59 85 50 83 43 99 38 19 64 94 49 17 68 15 48 44 14 41 81 74 7 1 70 67 61 28 90 20 75 33 32 58 4 27 96 60 72 3 79 92 62 0 46 2 47 34 97 29 22 10 51 77 37 80 65 11 26 40 86 8 13 6 25 21 9 91 82 56 45 55 31 93 52 30 5 36 23 42 88 69 54 53 71 66 35 78
TEST 53 ARG:32 56 66 91 68 98 52 76 55 16 41 14 44 38 84 82 77 62 13 5 43 51 81 74 2 80 89 58 95 94 79 34 21 90 27 53 28 96 29 97 12 20 69 4 64 67 99 48 37 15 86 1 24 47 57 22 93 6 54 70 3 23 75 61 33 39 49 46 0 87 42 85 9 18 31 35 45 17 25 40 88 65 7 10 8 60 71 78 50 11 72 73 92 63 36 19 83 26 30 59
TEST 54 ARG:68 48 0 19 98 3 54 36 28 8 34 51 77 25 26 41 90 7 43 42 23 12 57 83 2 81 33 58 94 76 22 17 71 95 93 53 15 60 78 56 62 59 14 38 80 69 24 66 79 21 35 10 92 6 16 46 45 84 75 70 5 1 72 13 40 27 29 64 87 50 31 85 96 52 82 4 86 49 61 37 32 11 18 65 89 55 39 74 44 20 97 67 99 47 63 91 9 88 30 73
TEST 55 ARG:86 17 70 54 91 31 59 94 13 29 38 39 77 87 96 80 10 11 15 44 64 35 73 0 50 95 16 51 52 26 21 9 84 27 45 71 37 6 36 53 81 1 12 69 57 55 28 82 89 47 61 30 49 75 85 4 90 19 40 42 79 66 24 63 92 18 41 46 20 99 8 34 14 48 78 5 33 93 32 67 7 72 62 76 60 58 3 68 25 83 23 98 22 65 88 97 56 2 74 43
TEST 56 ARG:92 17 82 16 9 13 81 38 68 74 70 26 79 31 55 33 12 64 34 30 85 44 39 3 54 98 7 32 69 83 22 50 48 28 20 61 25 41 90 45 40 99 14 5 51 46 49 37 59 24 65 97 60 66 47 11 18 96 23 94 63 15 67 87 57 27 91 86 0 10 77 29 71 6 35 88 58 19 76 36 89 21 52 1 73 43 72 75 95 62 53 84 93 78 8 56 2 42 80 4
TEST 57 ARG:62 27 23 13 1 85 42 18 7 48 11 36 21 51 79 14 20 88 50 17 34 39 55 65 49 15 86 31 63 45 29 5 10 99 8 54 91 46 44 69 83 57 3 4 89 22 97 75 67 53 98 78 28 77 41 95 72 26 74 12 30 47 94 52 90 59 61 43 81 25 92 19 96 16 58 9 35 2 66 38 76 6 84 68 0 60 64 37 73 32 70 33 56 93 71 24 82 80 87 40
TEST 58 ARG:67 90 10 35 20 39 68 41 95 6 7 38 79 72 13 97 78 57 16 59 92 62 0 18 65 99 21 50 19 32 88 5 2 25 77 36 43 1 47 69 98 4 11 23 9 96 45 82 26 49 73 55 44 24 52 40 58 56 64 81 86 60 51 29 53 28 22 85 33 3 80 54 15 30 48 91 84 8 75 93 31 27 87 63 34 37 76 14 71 70 74 17 83 66 61 94 12 89 46 42
TEST 59 ARG:56 99 86 71 81 5 80 22 30 19 9 14 51 31 74 98 54 75 72 79 4 29 61 46 21 59 78 84 92 6 77 52 18 15 65 41 90 43 11 23 97 93 40 63 67 87 16 42 34 0 7 38 3 47 88 27 94 73 35 70 10 69 48 33 36 37 17 82 96 39 66 91 45 62 68 20 49 76 32 64 12 83 44 53 28 26 89 50 1 57 24 2 55 25 60 95 58 13 8 85
TEST 60 ARG:66 31 48 90 57 22 41 55 78 79 60 76 14 74 38 6 93 67 18 86 84 47 3 16 11 26 12 46 70 75 62 99 17 73 4 94 34 21 68 58 77 1 32 53 85 91 10 89 64 88 15 29 83 50 49 5 28 35 95 56 72 9 43 81 51 19 87 23 13 24 80 96 40 27 8 92 98 33 52 63 54 20 65 0 42 97 39 82 61 59 36 44 45 71 7 25 69 2 30 37
TEST 61 ARG:12 54 33 81 46 87 68 19 6 85 1 58 11 10 43 69 14 57 24 63 27 59 17 9 82 90 64 40 47 91 13 73 29 96 2 79 31 77 93 23 39 26 98 53 83 22 15 45 35 41 5 65 3 7 70 72 78 76 97 80 92 67 99 34 16 36 42 38 75 71 32 44 49 8 48 95 25 18 60 52 61 86 50 30 51 62 4 84 0 37 56 55 66 88 28 74 20 94 21 89
TEST 62 ARG:93 87 86 56 2 81 34 72 18 54 25 71 1 22 64 69 3 42 67 63 83 7 27 66 50 40 4 82 80 5 99 19 35 16 11 62 98 33 29 89 60 23 46 79 68 88 49 53 31 24 92 96 43 90 47 94 91 59 95 57 10 9 84 77 41 44 21 52 76 73 38 32 70 61 51 78 17 45 39 14 12 36 8 97 48 30 75 65 15 28 37 85 26 55 6 20 13 0 58 74
TEST 63 ARG:60 48 53 93 25 15 31 30 38 36 7 63 34 88 8 13 29 3 40 42 84 46 64 26 97 17 32 65 75 87 56 47 22 20 23 82 62 66 80 18 73 50 12 83 10 57 91 45 44 59 85 77 94 78 39 21 70 1 28 5 11 37 6 55 52 90 54 24 58 43 49 89 95 33 76 81 61 27 74 14 72 19 92 35 16 79 2 96 51 9 99 41 69 4 71 98 86 68 0 67
TEST 64 ARG:14 10 53 43 98 45 72 81 30 62 66 13 55 84 18 97 61 85 52 74 96 60 93 28 48 94 21 70 79 42 7 29 1 86 87 47 6 27 26 63 22 20 57 92 15 19 71 12 0 25 73 75 82 33 83 46 36 95 68 56 17 49 37 24 69 38 44 77 58 9 41 51 90 40 64 16 91 78 76 31 59 35 34 50 54 32 4 67 5 3 99 89 88 8 39 2 80 23 11 65
TEST 65 ARG:84 95 38 99 14 48 15 45 76 12 21 16 83 59 90 79 17 9 63 66 60 3 25 93 92 91 57 69 73 1 88 2 23 65 30 44 33 55 19 4 85 94 82 72 8 89 46 43 42 13 67 11 28 7 74 40 34 58 56 54 39 29 96 37 62 20 98 36 51 97 81 86 6 87 53 35 47 71 0 41 75 61 50 26 18 68 27 64 49 24 80 5 32 52 77 70 22 10 31 78
TEST 66 ARG:56 80 52 60 93 13 18 96 32 49 65 46 48 58 8 28 64 72 97 54 4 12 84 71 77 21 31 38 1 59 11 20 45 92 74 5 19 57 62 68 55 61 99 47 85 6 66 14 2 94 95 40 87 10 82 3 50 63 86 15 76 7 9 37 41 30 70 25 42 43 88 78 22 33 90 98 24 29 0 39 91 53 36 23 17 16 27 51 73 75 89 69 26 44 35 81 67 34 83 79
TEST 67 ARG:73 60 86 50 91 4 92 95 13 85 52 21 9 30 32 39 77 20 10 64 99 51 31 70 87 1 19 66 89 56 29 18 36 28 58 11 55 82 27 72 69 97 74 24 22 96 12 75 76 53 88 43 65 79 67 90 57 63 78 16 38 84 44 2 41 47 80 3 26 42 49 33 23 61 48 71 94 46 5 8 7 6 83 40 25 81 59 37 15 98 45 34 17 35 54 62 0 68 14 93
TEST 68 ARG:9 59 24 58 96 90 3 20 62 26 37 64 48 29 43 50 49 72 79 99 71 10 91 63 51 40 28 55 22 85 66 54 67 8 13 89 61 35 0 2 19 23 11 44 92 7 38 45 70 60 1 82 25 33 42 56 88 95 84 46 69 18 12 76 16 83 27 41 53 47 77 94 32 74 87 30 93 4 5 6 15 65 73 80 36 98 31 75 34 97 86 14 39 78 52 21 57 81 17 68
TEST 69 ARG:91 60 17 76 84 52 42 90 10 99 79 15 69 63 2 0 36 87 68 9 65 32 8 11 82 12 31 92 81 48 14 94 1 71 13 43 29 41 37 35 34 88 38 85 57 73 70 30 44 18 26 74 33 16 58 27 93 24 45 62 49 89 19 23 51 4 75 54 64 47 50 67 46 80 86 83 5 97 39 22 20 7 78 98 95 21 77 3 40 25 61 55 53 6 56 96 59 66 28 72
TEST 70 ARG:95 31 62 60 94 45 29 75 69 25 17 99 10 5 50 57 42 34 76 55 38 2 40 85 92 41 71 91 72 51 28 3 82 7 63 46 19 81 77 21 44 20 73 93 48 67 90 23 18 89 66 37 22 36 74 61 9 98 78 64 24 1 88 59 15 26 58 32 65 39 53 4 11 84 54 33 6 52 68 80 8 12 56 79 35 87 47 49 14 70 43 96 13 0 16 97 86 27 30 83
TEST 71 ARG:35 18 93 40 56 21 53 5 29 92 69 11 76 25 17 1 58 75 8 78 77 82 68 31 28 81 97 33 50 43 12 22 2 44 63 80 67 30 66 37 51 72 91 52 16 26 23 9 24 88 59 41 27 90 15 84 60 14 95 57 36 32 74 10 13 70 7 49 46 19 34 39 85 0 54 99 98 96 94 86 3 79 4 89 83 61 64 6 42 20 71 87 45 65 62 38 48 47 73 55
TEST 72 ARG:19 68 79 52 73 63 98 94 45 48 40 27 15 46 17 3 62 6 21 28 25 67 2 59 96 84 34 41 97 39 30 88 93 72 5 36 60 83 78 44 89 22 75 86 33 43 90 4 35 99 69 53 95 20 37 91 23 49 42 80 11 64 76 26 74 13 87 77 7 50 82 81 14 51 65 61 9 12 66 70 18 0 24 57 8 71 32 85 16 56 55 10 38 58 1 54 47 31 29 92
TEST 73 ARG:11 55 58 21 81 63 47 72 80 14 37 88 6 98 71 51 78 22 8 49 70 33 40 87 15 83 76 97 62 27 73 53 79 20 52 7 89 43 1 4 25 3 35 10 56 91 17 44 19 46 31 24 86 38 65 12 77 2 28 57 99 16 60 50 93 48 92 32 26 96 61 64 67 82 13 39 18 84 74 94 68 75 23 90 5 0 29 54 9 59 42 36 34 85 95 45 30 69 41 66
TEST 74 ARG:32 19 9 76 8 68 38 75 15 3 36 1 56 5 44 94 82 95 28 67 27 18 12 33 83 21 17 64 14 26 72 41 74 71 49 10 34 40 59 52 46 7 60 69 45 43 6 91 66 16 55 99 23 62 58 87 93 47 20 88 29 98 51 4 85 70 31 89 0 78 81 37 90 22 77 61 13 39 24 54 50 86 65 57 30 48 80 11 63 73 2 42 92 97 35 53 96 25 79 84
TEST 75 ARG:42 20 13 91 98 25 35 95 73 92 86 85 45 24 46 7 3 23 8 14 6 69 80 50 31 60 72 38 48 79 88 55 94 37 16 78 52 18 56 76 27 84 89 99 30 28 62 34 65 17 75 51 2 41 10 93 74 59 19 11 29 67 36 53 70 15 12 0 32 26 83 58 21 63 81 71 66 49 4 5 43 1 44 77 39 9 33 64 61 82 22 97 87 54 68 96 90 40 57 47
TEST 76 ARG:15 66 52 2 39 69 62 51 72 11 36 59 22 91 89 47 83 41 50 71 88 21 98 60 5 29 8 82 87 45 7 43 84 49 38 92 58 31 12 68 96 53 24 9 17 76 95 20 73 30 93 46 16 4 74 85 86 13 18 42 33 35 81 37 78 3 94 80 14 23 70 97 27 40 48 1 19 61 0 32 67 34 99 44 25 79 56 65 90 10 75 6 57 55 28 54 26 64 77 63
TEST 77 ARG:15 47 35 53 51 10 78 82 7 91 23 98 94 44 62 5 55 67 86 84 92 38 66 75 99 42 2 71 40 93 27 50 68 57 72 8 73 14 97 19 43 3 30 87 80 83 13 46 69 31 11 56 41 49 54 12 33 0 81 29 28 70 9 18 48 25 58 90 89 52 37 34 79 6 65 17 36 95 61 1 59 22 16 76 64 32 45 20 4 88 85 21 24 60 39 77 63 74 96 26
TEST 78 ARG:16 53 69 34 74 37 96 36 94 18 70 15 81 14 29 48 3 11 41 88 92 52 66 65 60 79 77 43 19 89 58 46 32 82 47 22 5 62 31 84 40 42 86 49 64 2 57 26 28 9 23 50 91 8 13 12 20 25 30 44 90 6 59 68 7 99 97 72 71 55 67 24 38 98 0 39 33 80 76 85 87 93 17 95 51 75 21 73 78 27 45 54 63 1 61 83 10 4 35 56
TEST 79 ARG:55 46 58 30 52 3 81 44 48 67 11 1 39 84 87 32 13 68 63 65 75 93 94 19 88 14 78 54 79 73 82 17 35 47 56 8 57 49 85 90 34 72 6 20 77 83 37 7 96 74 60 5 0 4 25 45 27 42 61 12 38 80 69 97 92 41 66 59 71 95 99 28 62 53 26 18 16 91 51 33 70 22 2 23 15 98 36 50 86 9 24 43 64 21 89 76 40 31 29 10
TEST 80 ARG:3 45 26 31 62 32 47 66 5 67 78 14 13 23 57 21 33 70 68 69 63 48 91 27 1 36 52 38 40 11 85 94 86 74 64 53 44 16 4 56 20 7 42 80 96 8 88 79 24 92 46 10 77 72 58 15 41 29 2 39 22 95 73 43 81 76 90 25 0 37 99 12 98 82 55 17 30 54 84 18 35 83 87 93 97 75 34 89 59 60 19 61 65 28 71 6 50 51 49 9
TEST 81 ARG:53 27 93 19 65 76 22 13 78 87 41 50 0 81 56 35 3 1 47 70 2 66 32 24 4 18 9 23 28 16 64 11 31 54 71 36 39 69 34 73 82 20 26 55 21 91 38 17 52 42 51 85 7 58 99 96 48 83 45 62 84 49 86 14 89 88 44 95 79 10 74 80 43 98 90 72 63 97 37 5 94 67 59 15 46 25 92 60 40 57 77 30 12 33 8 75 61 6 68 29
TEST 82 ARG:66 5 22 45 60 23 2 44 87 99 27 25 84 54 30 31 82 42 68 91 56 92 9 58 19 29 49 64 41 51 50 79 12 62 35 15 16 34 74 70 7 80 53 72 95 75 36 40 61 32 46 86 88 33 39 89 21 13 1 18 81 77 85 43 47 26 28 98 59 93 83 0 63 65 73 71 17 94 67 38 69 78 14 10 96 76 97 48 4 57 24 55 3 6 90 52 8 37 20 11
TEST 83 ARG:63 49 60 50 7 67 25 59 16 64 74 90 96 35 38 5 10 98 95 42 2 71 62 76 27 41 55 91 9 17 88 93 47 28 92 34 23 85 18 14 70 77 12 84 22 81 33 52 40 53 39 73 11 89 65 68 29 54 45 21 4 43 37 3 82 20 72 31 44 87 99 57 66 13 86 0 83 24 80 48 78 51 30 94 75 15 56 46 97 79 58 32 8 36 69 19 61 6 26 1
TEST 84 ARG:43 83 90 64 13 23 12 38 86 31 22 99 37 55 41 50 20 39 59 34 60 52 68 66 67 5 87 77 74 35 9 89 10 1 16 88 70 61 54 73 8 25 69 85 36 80 78 96 6 32 29 42 49 21 28 44 84 3 62 98 15 81 51 76 92 27 75 7 18 30 26 46 82 11 63 33 93 65 2 53 72 79 56 48 71 19 24 91 58 57 14 45 47 97 0 4 17 94 95 40
TEST 85 ARG:5 94 43 84 40 34 51 31 45 18 14 69 92 26 12 52 97 22 62 44 59 24 9 65 76 32 46 91 39 82 89 61 30 28 0 60 2 1 49 57 37 35 41 27 66 36 48 63 77 20 13 56 87 85 33 93 58 54 19 17 25 29 55 8 96 75 15 72 98 68 67 7 70 90 95 3 99 42 81 78 53 38 79 4 83 71 6 86 10 88 74 64 16 47 21 73 23 11 80 50
TEST 86 ARG:65 73 46 62 57 81 22 39 9 0 47 18 45 10 99 85 33 92 4 37 52 55 34 74 12 29 70 35 78 82 80 87 86 98 64 53 30 93 94 97 60 41 19 36 27 17 69 66 3 95 44 48 25 26 63 90 14 42 23 24 59 6 13 71 91 96 31 20 79 67 72 50 8 21 43 58 88 56 84 75 15 89 38 5 2 76 40 49 32 1 83 68 61 51 54 77 16 7 11 28
TEST 87 ARG:10 83 14 32 51 64 82 25 9 97 53 75 89 28 44 26 55 3 62 39 91 34 16 80 4 36 90 22 66 50 69 38 31 6 37 42 87 21 94 58 15 48 81 45 0 41 86 63 85 43 47 7 33 59 12 46 52 20 96 95 35 18 72 17 71 68 13 77 40 67 65 99 98 57 30 2 74 5 29 73 88 60 54 56 11 61 84 92 79 78 27 24 19 1 8 23 76 49 70 93
TEST 88 ARG:62 66 11 48 45 25 17 98 36 86 29 22 91 64 33 69 35 55 31 94 78 82 56 67 49 65 47 75 87 79 61 46 50 72 34 12 39 60 63 71 6 32 1 57 30 92 51 24 58 23 15 99 16 97 77 9 83 95 68 28 13 59 2 80 21 20 41 43 7 0 96 18 3 40 5 81 84 76 90 93 89 26 73 14 53 4 27 42 19 54 44 37 74 52 38 10 85 88 70 8
TEST 89 ARG:73 71 24 34 70 36 7 57 50 0 91 16 60 11 62 54 33 26 20 89 56 4 40 99 48 10 35 44 23 85 55 46 53 83 19 31 6 74 77 9 63 65 1 5 61 25 39 92 18 14 12 98 45 58 96 52 28 87 90 93 13 47 22 41 88 69 3 15 84 82 30 49 68 43 51 79 37 29 67 72 17 97 64 21 76 8 78 81 59 32 2 94 38 42 75 66 27 95 86 80
TEST 90 ARG:72 57 95 96 62 80 55 40 5 56 51 4 67 90 97 13 8 38 2 0 44 59 31 77 78 3 75 43 64 41 74 98 34 66 25 9 87 61 63 93 21 12 84 11 28 79 1 73 36 94 54 70 16 33 69 17 27 48 20 30 18 53 99 15 37 45 22 83 47 6 65 71 91 50 29 82 81 39 14 89 49 52 92 24 60 88 35 32 23 68 86 58 26 19 85 46 7 10 42 76
TEST 91 ARG:0 67 35 78 32 56 83 75 79 18 1 70 97 54 14 47 33 82 61 28 71 93 13 88 46 17 30 89 74 86 73 50 68 96 94 36 45 40 6 87 90 69 55 10 2 4 8 51 72 49 98 37 84 85 99 44 80 91 22 63 27 42 21 19 66 77 41 58 64 59 57 43 20 38 15 52 48 9 53 16 81 39 95 25 3 11 92 62 24 23 31 60 34 5 12 29 65 76 7 26
TEST 92 ARG:79 2 23 55 8 11 61 17 85 98 68 21 3 94 37 22 71 59 12 18 50 32 51 40 53 88 81 91 0 29 5 49 90 73 20 45 66 89 35 38 63 84 80 57 16 46 82 13 15 31 1 33 36 93 42 92 26 77 34 56 27 25 48 30 75 83 24 96 72 95 76 70 52 67 69 47 54 4 86 60 19 43 28 78 14 7 62 99 44 9 64 39 41 87 6 65 58 10 97 74
TEST 93 ARG:24 48 39 71 9 70 61 36 76 77 41 83 15 66 80 72 53 3 14 95 16 96 54 13 57 78 29 91 94 49 89 19 28 31 82 18 67 47 56 73 98 92 88 27 99 23 52 62 11 34 86 35 69 25 75 63 46 45 85 55 5 79 90 21 51 26 32 74 93 58 37 59 65 68 0 64 4 33 44 43 22 12 81 20 87 30 2 8 38 50 97 60 7 40 42 1 17 10 6 84
TEST 94 ARG:4 3 93 7 70 26 16 69 34 13 17 50 54 49 38 98 36 43 12 61 24 31 92 96 71 86 27 66 32 1 72 44 75 52 63 84 22 51 11 59 76 60 67 19 9 64 0 45 81 42 30 37 33 57 94 14 25 91 8 97 6 40 23 99 5 28 58 82 68 15 47 90 2 65 73 74 95 56 18 79 85 53 41 62 88 48 10 39 35 83 77 78 20 80 29 21 55 46 87 89
TEST 95 ARG:17 84 89 78 4 59 83 19 80 26 65 34 45 63 68 46 11 90 96 70 0 1 40 88 79 6 98 82 92 53 9 33 58 56 49 24 27 71 47 28 61 22 94 23 76 2 99 3 5 57 16 43 62 72 41 81 35 66 85 15 10 97 31 42 38 87 54 73 20 30 25 36 77 21 48 29 75 86 39 50 74 91 60 18 55 51 93 64 12 32 44 13 14 8 7 52 37 67 95 69
TEST 96 ARG:37 26 8 87 72 44 68 94 19 32 47 70 75 80 82 50 98 67 59 46 28 11 77 40 97 3 21 45 41 5 69 74 71 29 65 36 60 7 96 42 22 49 93 10 31 91 4 73 63 57 89 20 88 9 78 56 30 43 62 25 99 55 64 84 6 51 27 53 95 61 83 13 1 66 86 16 81 33 58 54 38 15 17 23 48 92 39 2 85 24 34 0 14 35 52 18 76 12 90 79
TEST 97 ARG:93 40 54 91 11 58 32 82 34 7 88 5 27 95 14 51 86 83 8 25 31 89 97 87 30 13 61 55 26 80 1 44 68 38 21 28 77 52 60 75 70 81 99 9 20 24 59 94 29 57 71 76 63 33 41 50 17 66 18 35 39 62 67 72 49 4 10 79 96 3 23 92 45 6 2 78 85 36 22 84 15 47 42 12 64 43 74 65 69 48 46 0 73 19 16 98 37 90 53 56
TEST 98 ARG:72 71 52 54 76 80 9 85 59 13 8 27 48 35 23 51 49 0 60 95 14 30 25 12 96 90 34 15 11 87 4 88 42 10 5 40 84 41 56 74 82 64 17 63 75 16 50 57 70 26 38 66 83 21 24 81 47 91 28 29 86 53 36 62 98 37 65 68 39 77 79 58 45 19 99 3 1 93 97 7 2 69 46 6 32 22 61 78 55 31 73 20 44 33 89 92 18 67 94 43
TEST 99 ARG:39 83 24 95 96 23 26 67 14 6 48 92 45 30 10 44 77 9 71 58 27 52 63 19 91 32 35 40 5 97 62 38 20 98 57 21 17 42 86 61 18 59 64 49 36 68 7 74 43 56 90 11 50 55 72 15 82 87 66 79 8 16 89 85 94 13 75 88 80 22 76 65 41 3 54 60 93 37 70 2 46 28 73 25 4 47 31 1 84 99 78 34 0 33 51 29 53 81 69 12
TEST 100 ARG:16 12 66 91 74 45 78 64 57 68 94 61 67 27 54 99 24 89 3 21 38 40 81 18 1 84 98 76 46 25 42 22 62 72 79 15 8 47 32 14 77 87 92 35 97 49 29 70 9 7 51 5 59 93 86 90 37 60 88 75 55 11 39 28 83 17 20 41 56 6 0 43 73 82 4 96 2 65 33 44 50 10 53 85 52 71 58 48 30 13 31 23 19 80 26 69 95 36 34 63
TEST 101 ARG:72 96 27 18 76 39 69 98 42 56 47 28 36 10 91 15 83 89 88 93 46 90 66 5 20 62 3 2 75 92 74 26 44 80 37 85 73 45 58 25 11 67 21 54 16 53 43 55 14 60 7 40 9 94 70 12 24 0 29 86 81 51 50 82 52 17 13 57 34 68 33 78 71 31 22 38 32 23 6 8 79 48 41 95 77 49 65 97 99 64 63 19 4 59 30 1 61 35 84 87
TEST 102 ARG:82 41 33 43 79 10 67 17 53 83 22 98 6 0 21 97 45 36 84 78 11 54 18 61 20 64 28 75 19 66 29 31 91 57 5 93 1 12 87 46 96 44 58 65 26 92 4 99 80 52 63 71 32 81 14 85 40 23 7 2 90 16 34 74 15 9 72 49 89 94 42 70 77 39 25 30 8 48 55 86 37 35 88 95 38 51 60 68 59 24 62 76 13 50 47 56 69 3 73 27
TEST 103 ARG:50 92 29 17 94 53 91 15 42 83 21 76 39 46 95 55 86 98 77 82 74 67 3 47 68 23 88 48 4 43 70 1 63 18 58 49 69 33 8 65 97 9 27 26 62 5 37 35 78 79 52 96 44 14 45 66 6 32 81 60 38 93 36 99 24 16 56 80 34 7 25 19 11 57 30 2 51 40 28 10 22 87 59 84 73 71 13 54 12 61 20 90 31 0 75 41 89 72 85 64
TEST 104 ARG:85 59 28 14 57 86 27 39 4 7 13 84 24 61 99 2 68 55 1 76 90 38 96 78 56 49 69 6 35 92 22 80 50 37 65 53 64 44 89 20 41 5 67 0 87 91 16 26 18 25 73 51 95 88 31 32 30 75 17 47 42 62 11 10 79 21 66 97 46 43 23 19 63 60 72 71 70 3 29 33 94 12 54 48 98 83 36 81 52 8 93 77 9 34 74 40 15 82 58 45
TEST 105 ARG:26 37 28 94 2 44 76 7 20 22 98 95 38 58 21 91 45 62 64 74 5 47 48 33 18 31 81 60 65 43 1 32 11 34 17 96 92 53 12 6 63 82 51 99 85 66 78 39 27 19 42 84 30 79 9 69 54 10 68 0 57 8 86 75 59 52 16 71 80 40 13 41 25 14 36 67 50 24 15 70 56 35 55 46 77 4 90 87 49 93 3 23 61 73 97 89 72 83 88 29
TEST 106 ARG:26 92 47 62 98 70 10 68 21 88 37 61 94 67 74 69 86 8 45 54 3 93 79 39 38 12 0 50 66 73 59 19 46 49 4 89 64 51 52 55 44 24 91 60 76 14 83 20 90 63 22 85 27 95 34 11 40 57 36 80 75 77 29 23 1 17 15 65 42 97 96 43 31 53 32 99 5 87 25 13 56 41 58 2 48 78 84 30 35 9 7 33 6 72 28 18 16 81 71 82
TEST 107 ARG:38 28 63 42 12 97 36 72 88 50 9 66 83 14 85 25 53 55 76 68 43 91 93 69 45 3 79 7 16 44 24 51 46 6 86 64 18 4 5 30 89 8 20 10 60 31 29 70 90 13 33 57 56 74 62 48 21 34 92 52 22 78 41 77 82 17 75 19 94 15 39 11 98 65 35 95 61 71 80 87 37 27 47 54 23 96 67 58 84 73 81 0 32 1 49 2 59 26 99 40
TEST 108 ARG:27 32 26 91 16 12 88 80 82 65 73 15 95 47 9 81 40 38 33 35 99 25 20 85 78 56 75 57 37 10 34 19 51 84 0 1 43 94 49 6 54 14 21 42 67 52 29 72 70 31 93 8 18 64 62 53 30 24 45 55 46 50 4 87 83 3 22 36 17 44 77 5 39 59 71 86 90 98 11 92 76 89 69 60 63 13 97 7 66 68 41 74 58 96 2 23 79 28 48 61
TEST 109 ARG:18 49 46 50 84 38 56 88 39 34 37 83 72 92 7 51 55 10 57 40 99 6 0 27 79 35 76 29 36 21 15 25 11 91 54 67 41 68 17 70 5 80 78 31 20 97 47 90 87 2 19 14 43 45 94 1 58 85 3 42 23 81 26 60 89 22 52 75 77 13 16 12 65 64 93 82 33 48 53 59 74 96 73 62 30 24 71 28 61 8 86 66 4 69 63 95 44 32 9 98
TEST 110 ARG:62 13 0 93 73 46 85 96 19 61 32 33 16 97 2 92 81 65 68 55 7 84 54 8 69 15 90 50 6 47 87 5 24 76 11 25 20 35 43 23 44 78 48 64 31 89 37 72 59 94 1 10 14 49 22 74 40 38 39 26 9 86 41 71 98 28 53 63 51 12 4 77 29 75 60 34 83 56 36 67 18 58 21 79 27 80 45 88 91 42 3 17 30 57 70 52 99 82 66 95
